- INDEX II. COMPARATIVUS

SERIEM ΕΡΙ STOLARUM CICERONIS
Ex VULGARI ORDINE CUM HUIUS E01T10N15 oRmNE

. COMPONENS.

 

‘⁷ AD FAMILIARES S. AD DIVERSOS.

Ex ord. vulg. Huius edit. Ex ord. vulg. Huius edit.
Lib. Epist. Tom, Epist. Lib. Epist. Tom. Epist.

Ι. Ῑ. 92 ΙΙΙ, 6 11. 213

1
2

15{

1 93 7 11. 244
3 1 94 6 11. 222
4 1 95 9 11. 249
5 1 96 19 11. 261
5 extr. 1 100 11 11. 265
6 1 101 12 11. 275
7 1. 113 13 11. 277
3 1. 125 lv, 1 11. 365
9 1 146 2 11. 371
10² 1 155 3 111. 9 461
11. 1 1 166 4 111. 469
2 1 168 5 111. 557
3 1 169 6 111. 565
4 1 174 7 111. 464
5 1. 175 g 111. 466
6 1. 176 9 111. 466
7 11. 227 ιο 111. 525
6 11. 199 11 111. 460
9 11. 224 12 111. 566
10 11. 226 13 111. 463
11 11. 255 11 111. 516
12 11. 263 15 111. 433
13 11. 257 Υ» 1 1. 13 z
14 11. 245 2 1. 14
15 ·11. 273 3 1 112
16 11. 372 4 1. 66
17 11. 271 5 1. 17 -
16 11. 256 6 1
19 11. 262 7 1.
111⁴ 1 1. 166 6 1. 131 2
2 11. 163 9 111. 599 1
3 11. 191 16 ιν. 655 f
4 11. 194 16 extr, 111. 649

11, x 205 ιι 111. 647 J²

 

12¹

 

