402 INDEX COMPARATIVUS.
Ex ord. vulg. Huius edit. Ex ord. vulg. Huius edit.

Lib. Epist. Tom. Epist. Lib. Epist. Tom. Epist. ·

vn. 21 11. 318 X. 8 11. 374

22 ΙΙ. 319 9 II. 375
’ 23 11. 320 10 II. 376
24 ΙΙ. 321 11 11. 377
25 11. 322 12 II. 378
. 26 ΙΙ. 323 13 11. 379
vm. 1 11. 324 14 11. 380
2 II. 325 15 11. 381
3 11. 326 16 11. 382
4 II, 327 17 11. 383
5 11. 328 18 ΙΙ. 384
6 11. 329 Xl. l II. 386
7 11. 330 z 11. 387
8 11. 331 3 Π. 391
9 11. 332 4 11. 392
10 II. 333 5 111. 396
ll 11. 334 6 111. 398 ,ἕ
12 11, 336 7 111. 400
13 11. 33⁷ 8 III· 402 ’
14 11. 338 9 111. 404 2
15 11. 339 10 ΙΙΙ. 405 ¹
16 11. 340 11 111. 406 ,q
lx. 1 11. 341 12 ΙΙΙ. 40¹7 ς
2 11. 342 13 111. 408 „¹
2 extu 11. 343 14 ΙΙΙ· 409 '2
3 11. 344 15 111. 411) 3
4 11. 345 16 111. 411 ,,,
5 II. 346 17 111„ 412 ’
6 11. 347 18 111. 414 ‘⁴‘
⁷ 11. 348 19 111. ⁴20
8 11„ 349 20 111. 425
9 11. 359 21 111. 425
10 IL 351 22 111. 427
ll II. 352 23 III· 417
12 11„ 353 24 111. 421 „
12 extr. 25 ΙΙΙ· 416 ἶ
et 13 , ¹¹· 3⁵4 1111 1 111. 441 ,
14 11, 355 2 III· 442
15 11. 356 3 111- 444 2·
16 11. 357 4 111. 445 2 ,
17 ΙΙ. 358 5 111. 449 .''
18 11. 359 6 111. 453 ,
19 II. 360 7 111. 539 ς’
x. 1 11. 361 8 111. 551 9,
2 II. 362 9 111. 459 ⁴,
3 11. 363 10 111. 460
3 extr, 11. 364 11 111· 515 ’
4 II. 366 12 111. 628

5 11. 368 13 111. 529
6 11. 369 14 111. 53⁰ '‘
7 11. 37⁰ 15 111. 531

,Α Α -ψ-...μω- 1.,,μ

»ιη-Α 6150...-

 

