1NnEx COMPARATIVUS. 4'01

, Ex ord. vulg. Huius edit. Ex ord. vulg. Huius edit.
Q mh. Epist. Tom. Epist. ’ mh, Epist. Tom. Epist.
11. 21 1. 47 1V. 18 1. 157

22 1 48 V. 1 11. 184
23 1 49 2 11. 185
24 1 50 3 11. 186
25 1 51 4 11. 187

111, 1 1 56 5 11. 188
2 1 54 6 11. 189
3 1 53 7 11. 190
4 1 55 8 11. 193
5 1 57 9 11. 195

6 1 58 10 11. 196 ·
7 1 60 11 11. 198
8 1 61 12 11- 200
9 1 62 13 11· 201
10 1 64 14 11. 204
11 1 65 15 11- 207
12 1 66 16 11. 208
13 1 68 17 ΙΙ. 209
14 1 67 18 11. 214
15 1 70 19 11. 220
16 1 71 20 11. 228
17 1 72 21 11. 250
18 1 73 vl. 1 11, 252
19 1 74 2 11. 256
20 1. 75 3 11. 264
21 1. 77 4 vII. 263
22 1. 78 5 11. 269
23 1 80 6 11· 276
24 1 82 7 11. 270
25 1 83 8 ΙΙθ 281
26 1 84 9 11- 282
27 1 85 VII, 1 ΙΙ. 234
W, l 1 87 2 ΙΙ. 293
2 1 88 3 11. 294
3 1 89 4 11., 295
4 l 98 5 ΙΙ. 296
4 extr, 1 105 6 11. 297
5 1 106 7 11. 298
6 1 109 8 11. 299
7 1 110 9 11. 300
8 1 111 10 11. 303
8 extr. 1 117 11 11. 304
9 1 119 12 11. 305
10 1 118 13 11. 307
11 1 122 14 11, 303
12 1 123 15 11. 309
13 1 129 16 11. 311
14 1 137 17 11. 314
15 1 142 18 ΙΙθ 315
16 1 149 19 11. 316
17 1 156 20 11, 317

Cic, Briefo ντ Billorb, IV, 26

 

