INDEX COMPARATIVUS 399

Ex 01·d.vulg. Huius edit. Ex onhv‘ul'g. Huius edit.
Lib. Epist. Τοιῄ. Epist. Lib. Epist. Tom. Epist.

4 xm. :3 ιι. 250 xm. 52 xv, 677
4 111. 642 53 11. 230
5 111. 643 54 11. 253
6 1. 114 55 11. 232

6 extr. I. 115 56 11. 231
7 111. 645 5⁷ 11. 254
8 111. 644 58 11. 248
9 11. 237 59 11. 247
lo 111. 437 60 1. 160
11 111. 481 61 11. 233
12 111. 482 62 11. 234
13 111. 483 63 11. 251
14 111. 484 64 11. 235
15 111. 554 65 11. 236
16 111. 555 66 111. 5οΒ

17 111. 485 67 ΠΙ- 509
18 111. 486 68 111. 462
19 111. 487 69 111. 510
20 111. 488 70 111. 511
21 111- 489 71 111. 512
22 111. 490 72 111. 513
23 111. , 491 73 1. 161
24 111- 492 74 1. v127
25 111. 493 75 1· 181
26 111. 494 76 lv. 862
27 111. 495 77 111. 619
28 111. 496 78 111. 435
28 extr. 111. 497 79 111. 436
29 111. 434 x1v3 l 1· 79
30 ΙΙΙ. 498 2 1. 76
31 111. ⁴ 499 3 1. 81
32 111. 500 4 1. 59
33 111. 501 5 11. 283
34 111. 502 6 Π. 394
35 111. 503 7 11. 385
36 111. 504 8 11. 399
37 111. 505 9 111. 399
33 111. 506 19 111. 413
39 111. 507 11 111. 413
40 1· 128 12 ΙΙΙ. 395
41 1. 163 13 ΙΠ- 419
42 1. 162 14 11. 306
43 1V. 670 15 111. 415
44 lv. 671 16 111. 403
45 IV. 672 17 111. 401
46 IV. 673 18 ΙΙ. 312
47 IV. 674 19 111. 397
48 lV. 675 20 111. 429
49 1. 164 21 ΙΙ. 393
50 IV. 654 22 111. 428

51 IV⁴ 676 23 111. 423

 

