 

 

Ex ord. vulg.
Epist.

Lib.
V.

v}

VJ 1.

12
13
14
15
16
17
18

Τοιῃ,

1.
111.
111.
111⁴
lv,

1.

1.

11.

11.
111*
111.
ΙΙΙ.
ΙΙΙ.
111.
111.
111.
ΙΙΙ.
ΙΙΙ.
111.
111.
111.
111.

uL
nL
w.
w.
w.
nr
nt
nL
nL
HL

L

L
nL

D-
—1
Ἀ

ἐνν-εμμνμνμνμνν.

Huius edit.
Epist.

108
558
568
569
857
176
179
373
302
438
517
559
524
526
479
470
478
476
477
527
640
514

465
475
678
679
695
521
631
632
597
432
126
182
452
458
133
135
136
139
143
145
167
170
171
177
172
147
150
173
757

Lib.
VII.

vni,

lx.

INDEX COMPARATIVUS.

Ex ord. vulg.
Epist.

20
21
22
23
24
25
26
27
28
29
30
3 l
32
33

ΞΌΦκΙΦΰὶιῶῦῧὶῦλ-ἰ

zzz:

Soeoeuamawm-Ggaz

397

Huius edit.
Tom. Epist.
lV. · 756
1V. 859
IV. 860
1. 124
111. 636
111. 639
I. 91
111. 467
111. 472
ΙΙΙ. 648
IV. 653
IV. 657
11. 229
III. 471
11. 192
ΙΙ. 202
11. 203
11. 206
11. 210
11. 242
11. 243
11. 223
11. 211
ΙΙ. 225
II· 267
11. 279
11. 272
11. 280
11. 335
ΙΙ. 367
11. 388
111. 431
111. 446
111. 439
111. 443
111. 443
111. 446
111. 447
111. 617
11. 389
111. 519
111. 537
111. 651}
111. 553
IV. 700
111. 473
111. 450
ΙΙΙ. 455
ΙΙῑ. 451
111. 454
111. 456

