INDEX COMPARATIVUS. 403

Ex ord, vulg. Huius edit. Ex ord. vulg. Huius edit.
Lib. Epist. Tom. Epist. Lib. Epist. Tom. Epist.
XII. 1³6 111. 532 xlll. 13 111. 605

17 111. 534 14 111. 607
18 111. 533 15 111. 608
19 111. 535 16 111. 606
20 111. 536 17 111. 609
21 111. 538 18 111. 519
22 111. 549 19 111. 611
23 111. 541 20 111. 612
24 111. 542 21 111. 513
25 111. 543 22 111. 614
26 111. 544 23 111. 515
27 111. 545 24 111. 515
28 111. 545 25 111. 618
29 111. 547 26 111. 571
3⁰ 111. 548 27 111. 587

31 111. 549 28 111. 588 ·
32 111. 559 29 111. 589
33 111. 552 30 111. 590
ς 34 et 31 111. 501
135 init. 111· 5⁵⁶ 32 111. 592
35 extr· 111. 560 33 111. 593
35 111. 551 34 111. 539
37 111. 552 35. 35 111. 529
38 111. 553 37 111. 521
39 111. 554 38 111. 522
49 111. 557 39 111. 523
41 111. 579 49 111. 524
42 111. 572 41 111. 525
43 111. 573 42 111. 552
44 111. 574 43 111. 525
45 111. 575 44 111. 527
45 111. 575 45 111. 528
47 111. 577 46 111. 629
48 111. 578 47 111. 533
49 111. 579 48 111. 534
59 111. 589 49 111. 535
51 111. 581 59 111. 537
52 111. 582 51 111. 538
53 111. 583 52 111. 551
< xm. 1 111. 584 Χιν.. 1 1v. 589
2 111. 585 2 1V. 681
3 111. 586 3 lv. 582
4 111. 595 4 1V. 683
5 111. 596 5 1v. 684
6 111. 594 6 lv, 685
7 111. 598 7 ιν. 587
8 111. 599 8 lv, 688
9 111. 601 9 lv, 589
19 111. 602 10 lv, 690
11 111. 603 11 ιν. 591

12 111. 6⁰4 12 IV. 692

